100
17
43 74 45 71 8 19 92 87 33 49 93 54 89 77 13 71 27
51
77 3 58 47 84 22 61 3 70 88 47 40 58 44 70 72 51 85 68 77 24 70 48 26 12 59 86 40 61 71 54 29 49 71 88 37 31 93 61 17 20 100 27 30 75 30 54 61 56 14 95
80
16 81 70 54 29 83 46 6 9 10 25 3 2 94 84 12 7 41 86 63 85 42 28 31 22 50 2 63 86 6 60 88 70 23 1 2 84 61 83 16 39 4 35 5 25 40 93 55 49 84 66 97 0 20 12 95 96 16 20 66 95 56 95 57 17 28 73 72 31 62 25 20 29 59 92 58 81 41 63 80
63
73 52 61 86 55 99 99 4 94 79 48 33 74 32 51 6 69 98 2 22 54 43 15 28 54 32 90 53 84 64 44 0 36 26 0 58 80 16 85 36 92 90 20 18 95 30 16 86 71 47 5 97 24 45 54 82 94 99 41 42 3 11 39
46
70 66 13 90 81 26 0 88 28 100 95 68 14 67 86 77 37 50 18 72 14 3 25 21 57 49 80 22 85 55 23 93 51 9 60 23 91 27 54 84 39 77 70 63 16 19
67
1 24 75 89 43 73 48 27 24 68 78 62 36 44 9 89 50 29 63 18 97 28 63 29 73 39 41 56 57 46 83 33 23 6 17 82 48 47 81 38 85 45 2 68 28 12 77 50 2 2 57 24 35 97 4 84 49 71 46 23 64 11 93 85 6 26 79
44
72 23 61 67 32 71 84 30 1 15 60 31 32 11 24 1 44 23 38 50 85 5 0 66 93 37 70 100 51 68 76 53 77 69 39 75 77 98 14 4 56 63 42 71
77
32 62 67 0 35 99 34 3 67 71 77 65 32 35 9 87 21 2 57 25 93 24 78 26 94 32 69 14 94 15 8 1 100 41 25 54 32 21 5 43 10 19 73 81 80 0 97 88 18 57 93 9 55 83 79 90 77 95 94 21 50 39 99 81 44 90 30 71 24 8 44 84 23 39 71 68 36
18
59 12 79 10 93 87 11 46 30 55 93 77 77 43 25 36 34 98
48
83 73 53 30 7 53 67 20 62 7 37 25 19 96 58 83 30 74 9 14 69 36 91 44 48 23 28 92 77 82 90 64 12 99 97 98 3 61 2 20 13 41 63 98 45 39 99 41
91
94 77 44 72 30 1 15 62 56 94 98 100 92 59 19 96 88 64 83 50 64 85 8 66 50 12 1 69 82 5 93 85 42 22 72 27 62 55 91 13 31 65 69 14 84 41 31 93 71 53 18 69 19 1 24 51 54 31 10 44 17 56 38 48 52 69 22 68 63 80 48 45 82 70 77 90 71 31 94 5 42 77 32 10 72 87 23 46 96 15 53
99
35 26 27 61 5 1 33 58 4 63 87 99 47 48 5 75 33 0 87 15 87 35 61 85 32 75 46 88 77 32 26 6 40 91 65 79 17 38 82 23 42 27 58 17 30 17 0 63 33 31 24 1 17 95 70 29 76 5 75 48 37 93 15 12 96 55 41 63 52 72 27 4 40 88 40 32 44 82 24 69 82 28 64 63 27 97 43 73 78 16 73 38 56 2 40 80 45 48 84
43
78 64 5 13 72 72 89 99 47 95 78 8 34 78 78 44 70 28 15 69 20 77 41 80 16 4 28 72 80 43 55 55 54 61 30 44 34 64 71 58 88 75 67
95
40 45 29 29 81 27 91 79 35 90 21 33 67 9 77 47 63 56 34 26 69 90 62 69 84 48 95 59 21 74 20 13 19 86 73 49 4 58 86 85 28 100 96 23 55 82 85 56 15 41 37 79 37 23 49 16 29 47 11 29 77 87 9 50 59 70 90 75 64 88 28 51 12 37 28 59 31 32 19 58 9 47 24 42 28 99 41 51 48 25 69 40 70 57 55
94
99 38 70 68 15 43 64 65 14 68 91 97 54 39 91 0 87 78 34 26 60 20 60 60 71 22 35 21 92 14 70 66 22 73 24 32 39 15 21 54 65 17 96 34 99 34 70 32 15 44 92 12 14 77 84 93 81 22 1 74 57 27 50 8 52 10 66 63 21 1 49 1 91 37 16 50 4 7 19 79 7 24 3 65 93 72 80 95 56 90 67 37 3 27
14
86 21 54 32 93 7 49 38 13 38 39 71 0 67
3
6 32 61
50
90 30 23 15 19 67 50 60 56 31 81 7 89 100 12 3 92 40 92 94 70 56 84 70 61 5 82 59 95 95 28 68 89 82 1 31 84 99 66 77 16 70 73 61 84 30 30 45 31 33
89
72 78 36 48 100 92 73 44 66 30 68 44 22 47 52 71 84 71 90 75 7 82 97 70 63 100 59 76 24 52 20 53 21 94 74 58 88 41 82 29 46 91 97 9 71 8 27 58 87 86 17 88 94 11 63 29 27 38 96 84 89 37 32 42 8 46 19 87 44 28 17 65 67 91 47 87 61 49 95 3 50 13 42 83 93 55 2 67 98
31
21 19 64 35 66 42 24 11 88 57 25 4 61 57 67 36 35 79 46 4 31 10 81 30 46 3 43 36 95 0 81
84
74 39 0 52 74 11 32 29 6 44 36 80 5 96 53 48 81 24 94 85 78 72 75 64 5 49 60 17 23 44 26 84 42 19 96 99 58 29 8 97 44 44 21 86 62 65 69 35 30 67 13 72 3 68 100 91 64 9 32 66 49 15 56 30 29 71 86 43 50 81 98 10 79 59 43 41 51 90 39 0 1 23 91 9
26
45 65 32 21 59 6 11 20 67 24 10 18 90 9 46 37 34 11 63 99 19 21 13 79 10 40
39
37 64 0 14 84 99 46 57 17 17 27 53 24 93 47 55 63 59 58 54 72 34 3 13 42 89 69 17 64 90 68 19 83 70 44 33 89 46 26
80
37 86 59 1 2 69 60 56 43 90 48 41 98 5 0 23 7 94 2 37 32 32 85 72 49 61 2 12 48 80 35 31 65 38 53 76 39 89 8 35 47 54 23 17 5 48 19 37 23 25 59 12 64 69 32 82 22 6 55 6 41 13 15 60 52 95 36 42 15 50 26 39 10 28 85 2 39 31 98 88
95
28 20 46 39 43 80 42 38 77 43 28 80 4 37 17 69 79 7 77 9 37 50 76 38 89 41 75 74 12 58 83 9 82 91 33 100 60 95 88 15 47 78 33 34 76 74 92 55 14 87 50 74 10 99 30 69 41 32 71 79 44 69 82 57 86 79 85 32 61 38 69 25 45 14 39 45 14 27 36 7 76 90 84 51 95 98 87 19 61 49 48 39 72 10 34
86
75 2 27 26 49 61 45 8 68 43 60 60 88 37 73 41 13 97 49 58 94 90 11 50 77 66 51 40 22 12 16 45 59 98 24 92 67 29 20 18 68 3 99 19 100 7 12 76 61 20 53 32 83 72 84 79 12 27 14 17 37 69 74 8 34 30 80 66 24 63 63 83 61 86 81 26 39 58 38 54 88 58 53 65 87 35
55
59 42 92 6 32 85 45 7 42 90 92 7 3 71 44 23 76 59 84 83 23 32 16 80 61 2 51 98 0 62 48 83 17 11 13 78 63 50 88 76 48 82 31 74 35 91 84 25 99 21 27 26 55 33 51
84
30 39 48 55 46 87 60 76 57 64 42 35 38 71 23 73 39 55 85 99 75 48 91 71 25 12 43 89 26 92 91 7 26 75 74 14 61 68 79 90 34 71 63 1 80 98 25 10 42 15 84 99 6 85 34 74 31 77 0 52 53 100 70 85 29 9 10 86 87 7 45 21 81 86 28 9 27 65 95 43 56 10 93 69
37
56 76 57 87 60 18 35 31 48 77 65 58 89 77 44 48 45 38 22 80 28 38 2 69 70 84 4 63 72 94 4 63 66 79 58 42 89
34
29 46 2 13 50 75 60 44 11 14 21 44 56 70 54 44 75 6 12 13 2 81 64 68 37 79 33 5 70 70 62 67 75 29
57
92 8 75 30 52 68 47 32 22 94 19 27 41 5 75 50 30 64 37 27 74 70 55 72 67 57 16 35 61 27 90 41 17 49 58 59 52 44 91 82 75 27 11 56 97 81 16 9 91 67 11 54 22 20 57 74 79
68
48 9 48 31 34 68 45 10 79 1 68 45 7 43 71 69 33 28 64 29 20 62 96 72 57 54 97 26 95 15 4 60 73 98 30 82 80 13 88 94 98 32 81 70 7 30 45 31 44 14 77 53 10 84 77 63 79 63 49 24 38 66 22 27 21 27 60 31
47
94 7 15 71 0 51 13 83 97 96 60 58 22 64 8 58 13 25 73 67 52 21 10 54 69 83 9 73 15 18 54 84 51 12 84 94 99 55 17 1 78 83 44 91 41 29 3
18
0 35 41 57 57 68 50 69 33 60 8 57 3 78 28 98 12 85
37
10 42 82 97 15 37 44 24 35 83 45 97 12 5 52 28 3 46 88 51 30 32 64 72 56 18 9 72 51 58 82 11 60 10 31 38 25
100
94 22 36 57 77 19 76 56 1 96 74 53 89 20 96 60 84 28 85 99 26 43 29 27 85 90 60 87 75 79 94 88 88 37 97 54 84 2 70 47 18 20 18 36 95 65 89 10 44 57 4 48 59 2 23 22 40 36 31 56 1 85 7 43 81 68 71 46 54 93 94 46 36 91 56 76 27 30 4 81 59 93 81 95 46 74 39 26 68 53 40 0 79 89 28 30 2 12 26 61
52
6 54 70 67 47 85 16 9 11 7 74 30 78 90 13 74 26 22 82 81 79 76 4 30 94 64 13 63 67 62 56 60 71 58 18 0 48 73 94 30 4 15 91 74 60 82 84 74 65 68 86 84
3
14 69 30
99
10 86 79 11 26 43 36 49 22 3 63 87 44 93 30 70 42 66 97 77 83 75 93 97 6 17 58 35 82 97 11 93 100 30 96 57 6 78 57 65 71 71 99 99 9 100 48 27 9 75 1 10 38 35 44 43 12 95 38 68 77 15 0 41 21 71 6 62 67 91 69 75 74 9 77 42 64 78 41 68 18 84 91 64 61 26 0 82 48 94 84 36 99 34 27 64 66 37 19
100
36 99 8 100 38 23 52 68 59 51 12 26 33 29 48 39 81 94 33 83 98 15 33 23 13 99 7 72 68 39 88 63 45 86 26 55 97 36 74 28 40 64 40 87 22 60 46 66 60 29 37 65 39 5 19 23 99 68 44 22 9 4 47 46 27 5 82 94 63 37 9 86 96 38 52 68 86 60 51 54 66 40 5 18 53 25 10 98 72 48 1 2 13 8 26 89 59 72 35 48
98
4 28 33 53 81 38 81 32 26 12 34 81 59 4 68 60 86 43 83 6 7 100 5 12 11 87 75 64 3 81 65 77 61 47 56 98 26 41 71 33 73 30 12 20 56 61 50 79 44 92 3 55 35 52 9 25 37 53 65 14 33 25 50 21 81 71 81 31 58 8 24 5 70 100 45 32 73 24 22 0 85 55 22 40 14 45 94 50 14 57 43 99 80 21 25 57 14 4
59
54 7 97 4 100 19 72 11 0 36 34 49 0 28 75 4 81 6 23 26 77 70 4 18 33 59 15 82 58 66 0 93 31 64 67 49 38 47 57 48 16 47 64 80 44 38 85 72 18 14 76 13 49 85 20 56 55 47 55
25
22 86 21 64 38 68 14 16 54 36 32 92 48 16 82 58 47 45 45 42 85 48 2 89 31
97
62 11 78 37 18 1 72 41 48 73 80 28 65 0 84 52 5 99 88 17 15 77 83 24 5 13 13 18 90 80 35 82 60 21 87 22 58 10 39 77 38 33 53 60 24 56 10 15 8 79 2 59 20 44 41 54 10 88 67 13 87 29 2 48 79 44 31 68 46 52 8 0 71 25 88 17 48 37 60 42 49 50 93 38 20 93 98 77 17 23 24 95 88 47 59 64 31
29
28 43 95 50 25 91 79 11 42 96 4 46 37 38 56 28 64 37 95 9 31 49 9 44 69 92 48 26 36
19
66 9 79 27 62 93 28 73 37 50 56 57 48 30 35 14 69 72 25
55
61 60 18 28 33 58 44 64 76 71 82 97 28 61 65 49 1 11 60 90 92 49 71 80 60 3 82 5 50 97 64 21 91 68 32 2 79 20 23 54 83 85 61 24 63 0 29 37 49 58 31 66 52 13 25
30
39 0 8 9 77 68 83 98 84 44 99 57 68 59 14 67 34 65 57 86 96 79 45 13 72 2 84 63 59 83
80
72 62 82 67 5 68 24 21 66 71 53 78 57 83 14 19 52 46 52 2 9 81 2 28 44 94 32 52 99 29 56 4 98 18 59 82 95 96 15 75 4 27 66 11 7 74 0 65 10 0 88 62 88 43 74 22 14 13 62 42 73 7 11 13 84 94 4 16 77 44 85 65 2 80 31 29 96 2 82 96
30
41 22 43 92 58 56 19 51 66 4 66 80 73 78 62 7 29 11 83 97 32 93 14 1 28 79 33 50 22 12
79
52 65 46 68 28 89 88 81 73 6 35 37 10 54 80 40 29 97 18 27 14 89 27 8 89 98 16 93 99 48 69 61 16 39 13 59 52 53 80 39 21 83 94 55 19 20 41 47 28 15 57 38 52 38 39 17 35 61 29 34 18 0 46 51 22 68 88 88 69 88 54 58 29 22 36 5 96 86 85
66
36 54 67 76 41 6 52 81 5 38 74 42 88 74 39 80 57 55 91 35 4 90 27 53 42 14 73 40 56 42 44 99 91 25 42 92 23 57 5 7 36 49 36 3 36 77 11 55 18 93 86 50 94 37 68 19 5 54 31 72 47 5 59 71 40 66
81
32 49 73 45 90 43 47 60 51 9 18 13 97 20 60 23 29 21 98 94 76 16 66 56 70 50 91 70 24 92 12 72 48 54 69 35 66 33 77 65 59 15 46 20 18 11 18 88 70 79 21 52 95 8 56 6 69 21 71 72 51 86 88 57 34 51 96 10 28 5 53 19 35 29 53 59 2 53 80 15 61
64
22 92 35 48 19 86 86 69 6 53 50 58 14 81 29 31 46 65 88 66 94 78 88 37 0 12 67 79 60 55 79 54 6 8 13 74 77 21 14 48 62 28 60 74 44 75 41 1 6 9 59 43 1 7 42 92 6 9 41 18 48 36 61 87
15
35 49 97 98 38 53 62 68 45 100 13 9 66 73 49
5
68 96 16 88 100
84
3 62 48 41 6 26 68 72 94 99 66 12 29 18 87 30 26 48 28 73 5 88 22 19 31 55 36 55 60 31 24 41 67 6 88 12 89 12 56 39 25 22 31 36 73 9 37 69 87 46 80 85 36 73 16 97 57 49 15 84 56 23 34 49 90 67 92 65 44 46 38 34 45 77 59 3 96 73 3 28 54 78 1 6
38
37 90 21 97 3 7 2 64 24 65 10 100 58 68 92 4 83 24 50 67 45 94 33 24 15 96 3 24 68 64 50 77 12 27 73 73 79 12
56
79 9 66 49 8 55 42 92 47 50 85 13 12 62 23 39 69 84 94 2 87 6 89 72 78 86 35 61 55 77 57 80 43 77 82 28 64 77 42 10 32 50 15 2 94 47 31 96 39 34 19 16 29 23 29 23
80
69 34 89 75 24 71 81 2 24 64 92 1 0 20 25 95 79 61 36 72 62 12 49 6 84 49 53 6 26 94 83 97 100 21 77 40 26 52 46 8 79 83 31 55 33 80 85 59 33 28 19 88 25 95 69 6 30 41 38 100 42 19 64 67 12 67 93 70 53 59 14 1 59 74 8 60 90 89 79 14
43
31 20 23 99 54 22 5 22 95 68 68 8 57 37 18 73 3 31 71 88 65 31 66 84 51 99 26 32 54 63 9 8 64 11 88 92 23 24 48 68 54 21 23
16
74 94 45 72 29 86 50 0 17 58 78 29 60 71 64 11
87
76 42 47 54 88 12 11 47 3 83 90 77 23 86 98 82 65 59 1 39 74 16 68 96 36 77 12 11 75 73 41 26 92 68 17 39 0 42 18 95 20 48 10 9 98 5 100 47 94 7 76 44 70 46 1 75 56 78 70 45 74 81 12 5 93 32 25 66 100 4 24 43 100 68 11 45 83 16 40 89 100 15 62 74 41 75 44
35
1 49 91 12 10 64 40 7 88 71 0 75 22 8 53 45 69 69 9 44 28 99 34 4 95 8 73 35 82 67 63 31 72 9 72
93
38 88 15 8 85 95 36 10 8 11 8 21 53 67 37 32 78 51 28 84 47 14 67 28 16 100 97 1 48 46 64 41 50 14 45 8 64 20 9 47 77 97 98 20 55 16 86 16 84 23 5 49 10 51 38 62 92 4 18 66 71 34 79 39 54 97 64 45 60 76 23 95 30 77 91 70 39 50 0 23 89 60 3 87 23 46 46 42 96 69 32 10 34
73
98 50 96 34 75 73 66 20 62 99 36 93 72 44 71 91 18 4 29 6 14 4 53 16 23 14 58 87 53 62 93 99 58 79 35 22 8 41 51 44 95 92 6 16 76 30 22 18 66 13 69 42 86 20 20 35 43 89 46 38 51 97 86 15 0 3 59 44 90 26 81 19 67
80
75 85 88 4 8 59 71 37 44 35 78 34 59 95 38 65 26 81 33 70 1 24 9 39 74 5 19 66 42 93 11 94 49 0 51 6 92 63 89 88 41 89 18 46 61 31 26 83 4 43 16 57 61 92 3 92 74 99 19 88 83 79 12 55 75 35 23 45 11 13 27 84 76 23 27 43 76 46 4 41
70
76 7 37 7 21 91 87 24 34 21 65 46 28 96 21 74 76 40 19 98 68 43 81 100 13 86 78 44 85 30 95 55 26 43 96 40 50 84 81 52 95 24 75 91 47 50 40 51 0 36 24 53 48 12 93 86 18 86 6 34 21 50 14 48 0 42 95 0 75 84
12
51 63 47 95 38 24 76 68 78 22 53 3
22
46 97 88 23 17 44 14 49 11 91 36 81 59 26 96 50 66 49 19 30 71 5
97
12 44 90 4 27 32 31 81 58 77 5 34 12 67 1 27 84 99 91 34 24 87 34 2 64 40 30 19 98 20 88 87 90 5 31 11 65 34 11 97 99 16 15 45 0 14 63 58 44 86 71 50 92 22 53 59 86 17 49 64 54 19 51 37 31 9 5 94 39 39 27 60 66 93 20 6 42 24 29 0 17 97 24 92 85 12 75 80 41 22 21 95 63 60 47 7 37
46
35 14 0 77 53 25 0 75 8 15 41 42 91 46 12 10 40 21 54 3 30 48 78 63 5 27 29 49 79 40 20 12 28 48 18 32 86 44 4 87 86 79 27 97 4 18
95
54 64 6 57 98 38 52 100 80 42 0 12 48 40 100 0 19 24 10 81 63 17 67 77 60 37 1 93 99 8 84 94 90 23 82 26 90 12 7 83 72 78 1 30 45 84 38 44 11 18 63 25 15 75 70 40 91 50 33 5 51 29 46 16 54 43 44 36 22 57 69 14 70 82 67 13 81 97 23 38 19 17 40 85 94 87 48 80 41 38 44 85 2 34 2
29
47 11 39 65 15 58 49 76 17 18 50 65 60 85 20 38 19 47 15 24 98 83 17 83 20 4 95 35 44
37
42 8 80 47 90 63 74 81 35 92 63 11 3 37 29 91 24 26 87 62 81 54 96 92 96 71 95 91 0 38 86 60 74 28 36 81 29
7
5 28 44 35 90 45 91
29
84 82 60 10 25 78 81 18 64 10 56 25 95 13 35 29 75 1 77 41 83 14 92 12 54 2 43 57 68
28
99 41 42 95 8 79 37 18 35 80 34 92 85 60 44 6 42 41 26 80 48 69 1 66 92 73 16 75
56
4 4 41 58 85 89 72 61 59 75 64 46 46 38 16 37 97 61 11 33 73 99 78 18 61 4 80 60 14 29 42 83 98 19 3 0 94 5 6 58 51 8 81 33 50 38 73 63 28 78 39 41 50 85 83 81
74
68 60 24 12 57 22 51 6 76 70 10 54 34 20 85 73 59 37 55 43 26 81 33 65 56 27 1 10 89 88 30 25 72 93 44 66 9 81 22 4 79 86 15 25 76 77 80 31 28 93 66 10 13 54 32 6 46 27 82 58 95 73 69 18 62 70 18 75 14 90 65 22 35 45
73
25 33 34 14 30 79 93 82 20 68 45 38 98 3 44 79 6 40 18 84 68 6 42 5 5 77 12 21 89 24 38 94 1 18 87 87 80 100 70 5 33 69 99 53 52 93 87 94 45 71 17 0 27 61 69 97 46 18 30 64 21 84 42 55 21 37 91 83 64 46 37 15 83
28
80 98 5 31 89 83 66 2 0 28 53 8 16 80 18 82 66 37 10 27 13 42 41 50 5 57 7 3
22
32 19 46 16 21 51 40 100 9 89 5 14 97 38 91 5 42 92 57 36 62 98
87
18 3 52 8 86 17 90 15 44 72 79 58 96 71 34 22 63 39 34 70 56 94 10 50 76 59 49 94 66 85 12 47 18 10 30 100 100 37 70 19 9 81 73 68 3 15 87 12 72 93 47 44 22 82 1 98 3 29 12 22 9 99 43 39 34 12 32 12 29 46 69 74 97 64 69 45 46 16 2 18 50 53 94 90 61 90 95
63
43 93 11 100 33 35 27 100 4 51 14 4 13 37 24 98 74 71 71 45 20 19 54 60 32 17 9 33 36 46 38 26 100 84 76 11 57 50 59 93 70 95 46 62 5 4 71 40 51 14 47 26 93 47 37 80 60 85 77 8 40 35 6
53
91 43 87 79 4 61 1 32 55 70 68 75 35 52 10 48 7 38 46 88 63 17 0 15 34 32 71 26 71 29 4 99 33 49 74 23 96 60 31 79 70 91 64 89 83 6 48 55 87 14 96 20 91
45
99 68 43 23 5 70 11 55 7 13 82 67 30 89 60 83 24 19 88 2 57 10 39 51 41 80 5 16 20 64 86 50 7 47 35 44 57 74 14 45 22 4 32 78 89
43
12 5 66 51 22 4 96 100 10 13 56 90 84 8 1 33 71 33 4 88 56 5 80 28 81 100 71 7 10 67 91 93 25 4 54 74 29 50 42 44 100 30 49
84
55 96 56 63 9 20 74 65 28 6 39 100 34 84 83 93 71 55 98 79 97 38 55 47 27 65 91 100 5 75 70 62 12 13 62 75 28 38 88 90 51 85 33 94 80 66 13 99 95 96 70 52 2 30 22 82 59 86 17 84 7 72 99 50 18 35 9 17 82 60 28 84 96 34 3 72 12 24 54 95 89 50 22 84
45
93 32 53 85 72 0 79 78 20 57 18 1 49 2 65 57 58 74 54 70 3 30 73 33 98 98 38 19 97 15 93 73 14 49 54 73 30 94 44 72 50 89 37 41 19
16
32 2 62 15 79 92 71 72 81 94 68 90 18 69 7 4
86
21 3 92 86 27 28 67 48 14 41 29 61 9 66 21 41 73 67 44 56 66 50 98 94 54 8 74 0 20 9 49 47 84 96 93 57 93 59 94 31 3 12 53 66 86 75 87 13 97 85 63 68 23 99 62 62 98 0 62 46 49 47 22 21 15 16 66 89 61 94 31 89 20 49 38 24 6 96 80 67 15 63 48 60 93 38
13
16 9 39 4 37 59 57 22 47 1 41 64 45
91
23 74 13 24 18 3 76 3 27 100 20 92 99 51 18 35 49 62 84 60 80 83 49 69 82 42 1 72 24 100 32 92 80 17 42 73 89 71 54 20 25 22 83 31 46 55 44 28 70 8 14 0 20 45 84 57 72 65 76 81 73 35 8 50 27 21 61 29 82 51 15 98 52 70 23 20 15 20 84 39 87 0 56 78 23 99 49 20 94 80 49
59
18 58 55 69 87 4 18 91 47 35 90 30 43 10 99 2 56 4 26 81 12 74 28 61 96 74 81 3 66 78 68 55 53 25 75 61 73 3 33 100 95 43 59 44 57 32 46 55 39 81 42 57 62 83 57 0 84 26 49
9
79 50 16 69 51 55 6 93 23
18
66 53 27 90 95 85 100 39 62 23 47 32 87 74 43 7 65 69
70
68 34 18 32 3 40 80 10 42 13 60 4 73 46 18 34 57 94 64 24 13 66 87 42 95 43 92 91 28 76 78 33 83 14 28 8 7 41 20 35 6 63 9 42 19 89 25 37 51 37 41 58 80 99 34 41 24 76 69 88 32 97 52 25 8 74 22 99 94 48
96
11 84 80 1 38 16 55 17 56 17 86 43 12 20 95 83 79 8 76 24 92 14 93 4 12 0 69 32 21 46 88 99 100 42 31 54 8 70 17 72 5 68 20 23 35 6 13 24 85 100 75 37 66 96 85 4 23 65 62 70 59 24 23 24 24 33 64 34 37 97 96 12 68 7 57 66 1 86 27 41 77 68 11 43 17 56 60 68 37 32 95 13 47 9 11 64
46
26 2 20 65 5 72 97 5 30 37 79 1 83 56 36 28 20 23 90 22 89 47 10 43 66 80 24 19 53 33 83 53 9 43 66 41 48 86 18 97 70 89 94 60 9 90