3
8 19 43 45 71 74 87 92 93
33 49 54 71 77 89
13 27
6
3 22 47 58 61 70 77 84 88
3 40 44 47 51 58 68 70 70 72 77 85
12 24 26 40 48 54 59 61 71 71 86 88 93
29 31 37 49 61 100
17 20 27 30 30 54 56 61 75 95
14
8
16 29 46 54 70 81 83
3 6 9 10 12 25 41 84 86 94
2 7 28 31 42 50 63 63 85 86 88
2 6 22 23 60 61 70 83 84
1 2 4 5 16 25 35 39 40 49 55 66 84 93 95 96 97
0 12 16 20 20 56 57 66 73 95 95
17 25 28 29 31 59 62 72 81 92
20 41 58 63 80
7
52 55 61 73 86 94 99 99
4 32 33 48 51 69 74 79 98
2 6 15 22 28 32 43 53 54 54 64 84 90
0 0 26 36 44 58 80 85 90 92 95
16 16 18 20 30 36 47 71 86 97
5 24 45 54 82 94 99
3 11 39 41 42
5
13 26 66 70 81 88 90 95 100
0 14 28 37 50 67 68 72 77 86
3 14 18 21 22 25 49 55 57 80 85 93
9 23 23 27 51 54 60 70 77 84 91
16 19 39 63
7
1 24 43 48 73 75 78 89
24 27 36 44 50 62 63 68 89 97
9 18 28 29 29 39 41 46 56 57 63 73 83
6 17 23 33 38 47 48 81 82 85
2 12 28 45 50 57 68 77 97
2 2 4 24 35 46 49 64 71 84 85 93
6 11 23 26 79
5
23 32 61 67 71 72 84
1 15 30 31 32 44 60
1 11 23 24 38 50 66 85 93 100
0 5 37 51 53 68 69 70 75 76 77 77 98
4 14 39 42 56 63 71
8
0 32 34 35 62 67 67 71 77 99
3 9 21 32 35 57 65 87 93
2 24 25 26 32 69 78 94 94 100
1 8 14 15 21 25 32 41 43 54 73 80 81 97
0 5 10 18 19 55 57 79 83 88 90 93 94 95
9 21 39 44 50 77 81 90 99
8 24 30 39 44 68 71 71 84
23 36
3
10 12 59 79 87 93 93
11 30 43 46 55 77 77 98
25 34 36
5
7 30 53 53 62 67 73 83
7 19 20 25 30 37 58 74 83 96
9 14 36 44 48 69 77 82 90 91 92 99
12 23 28 61 64 97 98
2 3 13 20 39 41 41 45 63 98 99
9
30 44 72 77 94 94 98 100
1 15 19 56 59 62 64 83 88 92 96
8 50 50 64 66 69 82 85 85 93
1 5 12 22 27 42 55 62 65 69 72 84 91
13 14 31 31 41 53 69 71 93
1 18 19 24 31 44 51 54 56
10 17 22 38 48 52 63 68 69 70 77 80 82 90 94
5 31 42 45 48 71 72 77 87 96
10 15 23 32 46 53
10
5 26 27 33 35 58 61 63 87 99
1 4 5 33 47 48 75 87 87
0 15 32 35 46 61 75 77 85 88 91
6 26 32 38 40 65 79 82
17 17 23 27 30 42 58 63
0 1 17 17 24 29 31 33 70 75 76 93 95
5 12 15 37 41 48 52 55 63 72 88 96
4 27 32 40 40 44 69 82 82
24 27 28 43 63 64 73 73 78 97
2 16 38 40 45 48 56 80 84
5
5 13 64 72 72 78 78 89 95 99
8 34 44 47 70 78 78
15 20 28 41 69 77 80 80
4 16 28 43 54 55 55 61 64 71 72 88
30 34 44 58 67 75
10
29 29 40 45 79 81 90 91
21 27 33 35 47 56 63 67 69 77 90
9 26 34 48 59 62 69 74 84 95
13 19 20 21 49 58 73 85 86 86 96 100
4 23 28 55 56 82 85
15 23 37 37 41 47 49 79
11 16 29 29 50 59 70 75 77 87 88 90
9 12 28 28 31 32 37 51 58 59 64
9 19 24 28 41 42 47 48 51 69 70 99
25 40 55 57
10
15 38 43 64 65 68 68 70 91 97 99
0 14 39 54 78 87 91
20 26 34 60 60 60 71 92
14 21 22 22 24 32 35 39 66 70 73
15 17 21 34 34 54 65 70 96 99
12 14 15 32 44 77 81 84 92 93
1 22 27 50 52 57 63 66 74
1 1 8 10 16 21 37 49 50 79 91
4 7 7 19 24 65 72 80 90 93 95
3 3 27 37 56 67
3
21 32 49 54 86 93
7 13 38 38 39 67 71
0
1
6 32 61
5
15 19 23 30 50 56 60 67 81 89 90 100
3 7 12 31 40 56 70 70 84 92 92 94 95 95
5 28 59 61 68 82 82 84 89 99
1 16 31 61 66 70 73 77 84
30 30 31 33 45
9
36 48 72 73 78 92 100
30 44 44 47 52 66 68 71 71 75 82 84 90 97 100
7 22 24 52 59 63 70 76 94
20 21 41 53 58 74 82 88 91 97
8 9 27 29 46 58 71 86 87 88 94
11 17 27 29 38 63 84 89 96
8 19 32 37 42 44 46 65 67 87 87 91
17 28 47 49 50 61 83 93 95
2 3 13 42 55 67 98
4
19 21 24 35 42 57 64 66 88
4 11 25 35 36 46 57 61 67 79 81
4 10 30 31 36 43 46 81 95
0 3
10
0 11 32 39 52 74 74 80
5 6 29 36 44 48 53 81 85 94 96
24 64 72 75 78
5 17 23 26 42 44 49 60 84 96 99
8 19 29 44 44 58 62 65 69 86 97
13 21 30 35 67 68 72 91 100
3 9 15 32 49 56 64 66 71 86
29 30 43 50 59 79 81 98
10 39 41 43 51 90 91
0 1 9 23
4
21 32 45 59 65 67
6 10 11 18 20 24 34 37 46 63 90 99
9 11 13 19 21 40 79
10
5
0 14 37 46 57 64 84 99
17 17 24 27 47 53 55 58 59 63 72 93
3 13 34 42 54 64 68 69 83 89 90
17 19 33 44 46 70 89
26
9
1 2 37 56 59 60 69 86 90 98
0 5 7 23 41 43 48 94
2 32 32 37 49 61 72 80 85
2 12 31 35 38 39 48 53 65 76 89
8 17 23 35 47 48 54
5 19 23 25 37 59 64 69 82
6 6 12 13 15 22 32 41 52 55 60 95
15 26 36 39 42 50 85
2 10 28 31 39 88 98
10
20 28 39 42 43 43 46 77 80 80
4 17 28 37 38 69 77 79
7 9 37 38 41 50 74 75 76 83 89 91
9 12 33 58 60 82 88 95 100
15 33 34 47 55 74 76 78 87 92 99
10 14 30 32 41 50 69 69 71 74 79 79 82 85 86
32 38 44 45 57 61 69
14 14 25 27 36 39 45 51 76 84 87 90 95 98
7 19 39 48 49 61 72
10 34
10
2 26 27 45 49 61 68 75 88
8 37 41 43 60 60 73 94 97
11 13 49 50 51 58 66 77 90
12 16 22 24 40 45 59 67 92 98
3 18 19 20 29 68 76 99 100
7 12 20 32 53 61 72 79 83 84
12 14 17 27 34 37 69 74 80
8 24 30 61 63 63 66 81 83 86
26 38 39 53 54 58 58 65 87 88
35
6
6 32 42 45 59 85 90 92 92
3 7 7 23 42 44 59 71 76 83 84
16 23 32 51 61 62 80 83 98
0 2 11 13 17 48 50 63 76 78 82 88 91
31 35 48 74 84 99
21 25 26 27 33 51 55
10
30 39 46 48 55 57 60 64 76 87
23 35 38 39 42 55 71 73 75 85 91 99
12 25 26 43 48 71 89 91 92
7 14 26 61 68 74 75 79 90
1 34 63 71 80 98
10 15 25 42 84 85 99
6 31 34 52 53 70 74 77 85 100
0 9 10 29 45 81 86 86 87
7 9 21 27 28 43 56 65 69 93 95
10
5
56 57 60 76 87
18 31 35 48 58 65 77 77 89
22 38 44 45 48 69 70 80 84
2 4 28 38 63 63 66 72 79 89 94
4 42 58
4
2 13 29 44 46 50 60 75
11 14 21 44 44 54 56 70 75 81
2 6 12 13 33 37 64 68 70 70 75 79
5 29 62 67
6
8 30 47 52 68 75 92 94
19 22 27 32 41 50 64 75
5 27 30 37 55 57 67 70 72 74 90
16 17 27 35 41 49 52 58 59 61 75 82 91 97
11 16 27 44 56 67 81 91
9 11 20 22 54 57 74 79
7
9 31 34 45 48 48 68 68 79
1 7 10 33 43 45 64 69 71 96
20 28 29 54 57 62 72 95 97
4 15 26 30 60 73 80 82 88 94 98 98
7 13 30 31 32 44 45 53 70 77 77 81 84
10 14 24 38 49 63 63 66 79
21 22 27 27 31 60
6
0 7 13 15 51 71 83 94 96 97
8 22 58 58 60 64 67 73
10 13 21 25 52 54 69 73 83 84
9 12 15 18 51 54 55 84 94 99
1 17 41 44 78 83 91
3 29
2
0 35 41 50 57 57 60 68 69 78
3 8 12 28 33 57 85 98
4
10 15 37 42 44 82 83 97 97
5 12 24 28 35 45 46 51 52 64 72 88
3 9 18 30 32 51 56 58 60 72 82
10 11 25 31 38
10
22 36 57 76 77 94 96
1 19 20 53 56 60 74 84 85 89 96 99
26 27 28 29 43 60 75 79 85 87 88 88 90 94 97
2 37 47 54 70 84 95
18 18 20 36 44 57 65 89
2 4 10 22 23 31 36 40 48 56 59 81 85
1 7 43 46 54 68 71 91 93 94
27 30 36 46 56 59 76 81 81 93 95
4 26 39 40 46 53 68 74 79 89
0 2 12 26 28 30 61
6
6 47 54 67 70 85
7 9 11 16 30 74 74 78 82 90
13 22 26 30 76 79 81 94
4 13 56 60 62 63 64 67 71 73 94
0 4 15 18 30 48 58 60 74 74 82 84 84 86 91
65 68
1
14 30 69
11
10 11 26 36 43 49 63 79 86 87 93
3 22 30 42 44 66 70 75 77 83 93 97 97
6 17 35 58 82 93 96 97 100
6 11 30 57 57 65 71 71 78 99 99 100
9 9 10 27 35 38 43 44 48 75 95
1 12 15 38 41 68 71 77
0 6 21 62 67 69 74 75 77 78 91
9 18 41 42 64 64 68 84 91
0 26 48 61 82 84 94 99
27 34 36 37 64 66
19
10
8 23 36 38 52 59 68 99 100
12 26 29 33 39 48 51 81 83 94 98
13 15 23 33 33 39 68 72 88 99
7 26 45 55 63 74 86 97
28 36 40 40 46 60 60 64 66 87
22 29 37 39 65 68 99
5 9 19 22 23 27 44 46 47 63 82 94
4 5 9 37 38 52 60 68 86 86 96
5 18 40 51 53 54 66 72 98
1 2 8 10 13 25 26 35 48 48 59 72 89
11
4 28 33 38 53 81 81 81
12 26 32 34 59 60 68 83 86 100
4 5 6 7 11 12 43 64 65 75 77 81 87 98
3 26 41 47 56 61 71 73
12 20 30 33 44 50 56 61 79 92
3 9 25 35 37 52 53 55 65
14 21 25 33 50 58 71 81 81
5 8 24 31 32 45 70 73 85 100
0 22 22 24 40 45 50 55 57 94 99
14 14 21 25 43 57 80
4 14
7
4 7 19 54 72 97 100
0 0 11 28 34 36 49 75 81
4 6 23 26 33 59 70 77 82
4 15 18 31 58 64 66 67 93
0 38 47 47 48 49 57 64 80 85
16 18 38 44 49 72 76 85
13 14 20 47 55 55 56
4
21 22 38 64 68 86
14 16 32 36 48 54 58 82 92
16 42 45 45 47 48 85 89
2 31
9
11 18 37 41 48 62 72 73 78 80 84
0 1 5 28 52 65 77 83 88 99
5 13 13 15 17 18 24 35 60 80 82 87 90
10 21 22 33 38 39 53 56 58 60 77 79
2 8 10 15 20 24 41 44 54 59 67 87 88
2 10 13 29 31 44 46 48 52 68 71 79 88
0 8 17 25 37 42 48 49 50 60 93 93 98
17 20 23 24 38 47 59 64 77 88 95
31
4
25 28 43 50 79 91 95 96
4 11 37 38 42 46 56 64 95
9 9 28 31 37 44 48 49 69 92
26 36
3
9 27 28 62 66 73 79 93
37 48 50 56 57 69 72
14 25 30 35
6
18 28 33 44 58 60 61 64 71 76 82 97
1 11 28 49 60 61 65 71 80 90 92
3 5 49 50 60 64 68 82 91 97
2 20 21 23 32 54 61 63 79 83 85
0 24 29 31 37 49 52 58 66
13 25
4
0 8 9 39 68 77 83 84 98 99
14 44 57 59 65 67 68 79 86 96
13 34 45 57 59 63 72 83 84
2
10
5 62 67 68 72 82
21 24 53 57 66 71 78 83
14 19 46 52 52 81
2 2 9 28 32 44 52 56 94 98 99
4 18 29 59 75 82 95 96
4 7 11 15 27 65 66 74 88 88
0 0 10 14 22 43 62 62 73 74
7 11 13 13 16 42 44 77 84 85 94
2 4 29 31 65 80 82 96 96
2
4
22 41 43 51 56 58 66 66 73 78 80 92
4 7 11 19 29 32 62 83 93 97
1 14 22 28 33 50 79
12
9
28 46 52 65 68 73 81 88 89
6 10 35 37 40 54 80 97
14 18 27 27 29 89 89 93 98 99
8 16 16 39 48 52 53 59 61 69 80 83 94
13 19 20 21 28 39 41 47 52 55 57
15 17 35 38 38 39 61
0 18 22 29 34 46 51 68 69 88 88 88
22 29 36 54 58 85 86 96
5
7
36 41 52 54 67 76 81
5 6 38 39 42 57 74 74 80 88 90 91
4 27 35 42 53 55 56 73 99
14 25 40 42 42 44 57 91 92
5 7 23 36 36 36 49 55 77 86 93 94
3 11 18 19 37 50 54 68 72
5 5 31 40 47 59 66 71
9
32 43 45 47 49 51 60 73 90 97
9 13 18 20 21 23 29 60 66 76 94 98
16 50 56 70 70 72 91 92
12 24 35 48 54 65 66 69 77
15 18 20 33 46 59 70 79 88 95
8 11 18 21 21 52 56 69 71 72 86 88
6 34 51 51 57 96
5 10 19 28 29 35 53 53 53 59 61 80
2 15
6
19 22 35 48 69 86 86 92
6 14 29 31 46 50 53 58 65 66 78 81 88 88 94
0 12 37 55 60 67 79 79
6 8 13 14 21 48 54 60 62 74 74 75 77
1 6 9 28 41 43 44 59 92
1 6 7 9 18 36 41 42 48 61 87
2
35 38 49 53 62 68 97 98 100
9 13 45 49 66 73
1
16 68 88 96 100
9
3 6 26 41 48 62 66 68 72 94 99
12 18 26 28 29 30 48 73 87 88
5 19 22 31 31 36 41 55 55 60 67 88 89
6 12 12 22 24 25 31 36 37 39 56 69 73 80 85 87
9 16 36 46 49 57 73 84 97
15 23 34 49 56 65 67 90 92
34 38 44 45 46 59 73 77 96
3 3 6 28 54 78
1
5
3 7 21 37 64 65 90 97 100
2 10 24 58 68 83 92
4 24 33 45 50 67 94 96
3 15 24 24 50 64 68 73 73 77 79
12 12 27
7
8 9 42 49 55 66 79 85 92
12 13 23 39 47 50 62 69 84 87 89 94
2 6 35 55 61 72 77 78 80 82 86
28 43 57 64 77 77
10 15 32 42 47 50 94 96
2 16 19 23 29 29 31 34 39
23
8
24 34 69 71 75 81 89 92
0 1 2 20 24 25 36 61 62 64 72 79 84 95
6 6 12 26 49 49 53 83 94 97 100
21 26 40 46 52 77 79 83
8 31 33 33 55 59 80 85 88 95
6 19 25 28 30 38 41 42 64 67 67 69 70 93 100
12 14 19 53 59 59 60 74 79 89 90
1 8 14
5
20 22 23 31 54 68 68 95 99
5 8 18 22 31 37 57 65 71 73 84 88 99
3 26 31 32 51 54 63 64 66 88 92
8 9 11 23 24 48 54 68
21 23
3
29 45 50 72 74 86 94
0 17 29 58 60 64 71 78
11
10
42 47 54 76 88
3 11 12 23 47 77 82 83 86 90 98
1 16 39 59 65 68 74 77 96
11 12 26 36 41 68 73 75 92
0 17 18 20 39 42 48 95 98 100
5 7 9 10 44 46 47 70 75 76 78 94
1 45 56 70 74 81 93
5 12 25 32 43 66 68 100 100
4 11 16 24 40 45 62 74 83 89 100
15 41 44 75
4
1 10 12 40 49 64 71 75 88 91
0 7 8 22 45 53 69 69 99
4 9 28 34 35 44 67 73 82 95
8 9 31 63 72 72
10
8 15 36 38 85 88 95
8 8 10 11 21 32 37 51 53 67 78 84
14 16 28 28 47 48 67 97 100
1 14 41 45 46 50 64 64 77 97 98
8 9 16 20 20 47 55 84 86
5 10 16 23 38 49 51 62 66 71 79 92
4 18 34 39 45 54 60 64 76 77 91 95 97
23 30 39 50 60 70 87 89
0 3 23 23 42 46 46 69 96
10 32 34
8
34 50 66 73 75 96 98 99
20 36 44 62 71 72 91 93
4 4 6 14 16 18 23 29 53 53 58 62 87 93 99
14 22 35 41 44 51 58 79 92 95
6 8 16 18 22 30 42 66 69 76 86
13 20 20 35 38 43 46 51 86 89 97
0 3 15 26 44 59 67 81 90
19
9
4 8 59 71 75 85 88
34 35 37 38 44 59 65 78 81 95
1 9 24 26 33 39 66 70 74 93 94
5 11 19 42 49 51 63 88 89 89 92
0 6 18 26 31 41 43 46 57 61 61 83 92 92 99
3 4 16 19 74 79 83 88
12 23 35 45 55 75 76 84
11 13 23 27 27 41 43 46 76
4
8
7 7 21 24 34 37 65 76 87 91 96
21 21 28 40 46 68 74 76 81 98 100
13 19 43 44 78 85 86 95 96
26 30 40 43 50 52 55 75 81 84 91 95
24 40 47 50 51 53
0 12 24 36 48 86 86 93
6 14 18 21 34 42 48 50 75 84 95
0 0
2
38 47 51 63 68 76 78 95
3 22 24 53
3
17 23 44 46 49 88 91 97
11 14 26 36 50 59 66 81 96
5 19 30 49 71
11
4 12 27 31 32 44 58 77 81 90
1 5 12 27 34 34 67 84 87 91 99
2 24 30 34 40 64 87 88 90 98
5 11 19 20 31 34 65 97 99
0 11 14 15 16 44 45 50 58 63 71 86 86 92
17 22 49 53 54 59 64
9 19 31 37 39 39 51 60 66 93 94
5 6 20 24 27 29 42 92 97
0 12 17 24 41 75 80 85 95
21 22 37 47 60 63
7
6
0 14 25 35 53 75 77
0 8 15 41 42 46 91
10 12 21 30 40 48 54 63 78
3 5 27 29 40 49 79
12 18 20 28 32 44 48 79 86 86 87 97
4 4 18 27
11
6 38 52 54 57 64 80 98 100
0 12 40 42 48 100
0 10 17 19 24 60 63 67 77 81 93 99
1 8 23 37 82 84 90 90 94
7 12 26 30 45 72 78 83 84
1 11 18 25 38 44 63 70 75 91
5 15 29 33 40 46 50 51 54
16 22 36 43 44 57 67 69 70 81 82 97
13 14 17 19 23 38 40 48 80 85 87 94
2 34 38 41 44 85
2
3
11 15 39 47 49 58 65 65 76 85
17 18 19 20 38 47 50 60 83 83 98
4 15 17 20 24 35 44 95
5
8 42 47 63 74 80 81 90 92
3 11 29 35 37 63 87 91
24 26 54 62 71 81 91 92 95 96 96
0 28 36 38 60 74 81 86
29
1
5 28 35 44 45 90 91
4
10 25 60 78 81 82 84
10 18 25 35 56 64 75 77 95
1 13 14 29 41 54 83 92
2 12 43 57 68
4
8 41 42 79 95 99
18 34 35 37 44 60 80 85 92
6 26 41 42 48 66 69 73 75 80 92
1 16
6
4 4 41 58 59 61 64 72 75 85 89
16 37 38 46 46 61 73 78 97 99
4 11 18 33 60 61 80 83 98
3 14 19 29 42 58 94
0 5 6 8 33 38 50 51 63 73 78 81 85
28 39 41 50 81 83
8
12 22 24 51 57 60 68 70 76
6 10 20 34 37 54 55 59 73 81 85
26 27 33 43 56 65 88 89
1 10 25 30 44 66 72 81 93
4 9 15 22 25 76 77 79 80 86 93
10 13 28 31 32 46 54 58 66 73 82 95
6 18 18 27 62 69 70 75 90
14 22 35 45 65
8
14 25 30 33 34 68 79 82 93 98
3 20 38 40 44 45 68 79 84
5 5 6 6 12 18 21 24 38 42 77 87 87 89 94 100
1 5 18 33 53 69 70 80 87 93 94 99
0 17 27 45 52 61 69 71 97
18 21 30 42 46 55 64 83 84 91
21 37 37 46 64 83
15
4
5 31 66 80 83 89 98
0 2 8 16 18 28 37 53 66 80 82
10 13 27 41 42 50 57
3 5 7
3
16 19 21 32 40 46 51 89 97 100
5 5 9 14 38 42 57 62 91 92 98
36
9
3 8 17 18 44 52 72 79 86 90 96
15 22 34 34 39 56 58 63 70 71 76 94 94
10 49 50 59 66 85
10 12 18 30 37 47 70 81 100 100
3 9 15 19 68 72 73 87 93
12 22 44 47 82 98
1 3 9 12 22 29 34 39 43 99
12 12 29 32 46 64 69 69 74 97
2 16 18 45 46 50 53 61 90 90 94 95
7
11 33 35 43 93 100 100
4 4 13 14 24 27 37 51 71 71 74 98
19 20 32 45 54 60
9 17 26 33 36 38 46 57 76 84 93 100
11 46 50 59 62 70 71 95
4 5 14 26 40 47 47 51 60 77 80 85 93
6 8 35 37 40
6
4 43 61 79 87 91
1 32 35 52 55 68 70 75
7 10 38 46 48 63 88
0 15 17 26 29 32 34 71 71 74 99
4 23 31 33 49 60 64 70 79 83 89 91 96
6 14 20 48 55 87 91 96
5
5 23 43 55 68 70 82 99
7 11 13 30 60 67 83 88 89
2 10 19 24 39 41 51 57 64 80 86
5 7 16 20 35 44 47 50 57 74
4 14 22 32 45 78 89
6
5 12 22 51 66 96 100
4 10 13 56 84 90
1 4 8 33 33 56 71 80 81 88 100
5 7 10 28 67 71 91 93
4 25 29 42 44 50 54 74 100
30 49
9
9 20 55 56 63 65 74 96 100
6 28 34 39 55 71 79 83 84 93 97 98
27 38 47 55 65 70 75 91 100
5 12 13 28 38 62 62 75 85 88 90 94
13 33 51 66 70 80 95 96 99
2 22 30 52 59 82 84 86 99
7 17 18 35 50 60 72 82 84 96
3 9 12 17 24 28 34 50 54 72 84 89 95
22
5
32 53 72 78 79 85 93
0 1 2 18 20 49 57 57 58 65 70 73 74 98 98
3 19 30 33 38 54 73 93 97
14 15 30 44 49 50 54 72 73 89 94
19 37 41
2
2 15 32 62 71 72 79 81 90 92 94
4 7 18 68 69
8
3 21 27 28 48 67 86 92
9 14 21 29 41 41 44 56 61 66 66 67 73 94 98
0 8 9 20 47 49 50 54 57 74 84 93 93 94 96
3 12 31 53 59 66 75 85 86 87 97 99
13 23 62 62 62 63 68 98
0 21 22 46 47 49 61 66 89 89 94
15 16 20 24 31 38 49 67 80 96
6 15 38 48 60 63 93
2
4 9 16 22 37 39 41 47 57 59 64
1 45
9
13 18 23 24 27 74 76 92 99 100
3 3 18 20 35 49 51 60 62 69 80 82 83 84
1 24 32 42 49 72 80 92 100
17 42 54 71 73 83 89
20 22 25 28 31 44 46 55 70
0 8 14 20 45 57 65 72 73 76 81 84
8 21 27 29 35 50 51 52 61 70 82 98
15 15 20 20 23 39 56 78 84 87 99
0 20 23 49 49 80 94
7
18 55 58 69 87 91
4 18 30 35 43 47 56 90 99
2 4 10 12 26 28 61 74 74 81 81 96
3 53 55 66 68 73 75 78 100
3 25 33 43 44 57 59 61 95
32 39 42 46 55 57 57 62 81 83 84
0 26 49
2
16 50 51 55 69 79 93
6 23
3
27 53 66 85 90 95 100
23 32 39 43 47 62 65 69 74 87
7
7
3 18 32 34 40 42 60 68 73 80
4 10 13 18 34 46 57 64 66 87 94 95
13 24 28 42 43 76 78 83 91 92
7 8 14 20 28 33 35 41 42 63 89
6 9 19 25 37 37 41 51 58 80 99
24 34 41 69 76 88 97
8 22 25 32 48 52 74 94 99
10
1 11 16 17 38 55 56 80 84 86 95
12 17 20 43 76 79 83 92 93
4 8 12 14 21 24 32 46 69 88 99 100
0 8 17 31 42 54 68 70 72
5 6 13 20 23 24 35 37 66 75 85 85 96 100
4 23 24 59 62 65 70
23 24 24 33 34 37 64 68 96 97
1 7 12 27 41 57 66 68 77 86
11 17 37 43 56 60 68 95
9 11 13 32 47 64
5
2 5 20 26 30 37 65 72 79 83 97
1 5 20 23 28 36 47 56 89 90
10 22 24 43 53 66 80 83
9 19 33 41 43 48 53 66 70 86 89 94 97
9 18 60 90
